MST 37
00000000 00000000 00000000 00100101
 1의 보수
11111111 11111111 11111111 11011010
+1 2의 보수 표기법
MST -37
11111111 11111111 11111111 11011011

37+(-37)
  00000000 00000000 00000000 00100101
  11111111 11111111 11111111 11011011
  -----------------------------------
  00000000 00000000 00000000 00000000

-5
  00000000 00000000 00000000 00000101
5의 1의보수
  11111111 11111111 11111111 11111010
5의 2의 보수 (+1)
  11111111 11111111 11111111 11111011 
7
  00000000 00000000 00000000 00000111
------------------------------------- 
 100000000 00000000 00000000 00000010  
결과: 양의정수 2
